2447856598767496
7283791878413663
385193306186607
820773514760798
1308534269694394
1197420590294722
1710509562701563
504435014242786
1469007246465523
218102415426277
718740102670489
291409717305015
158009737067236
1279803639054180
255313344863749
711936337776864
535645944418976
521033586725914
669623621822427
438446522949770
777758638952039
202980651018576
1057549958196975
5165784380199165
1898967230371307
965182688406776
231939787298178
501333764114993
1486415888383273
1086404744753145
1069724801123928
2524861274497258
356703928525868
